2 0.6963822841644287 0.449496328830719 0.7322097420692444 0.4867226779460907
5 0.6719086170196533 0.47879207134246826 0.7068477272987366 0.518707275390625
2 0.24548198282718658 0.44832518696784973 0.28264373540878296 0.484637588262558
2 0.2931595742702484 0.5529524683952332 0.3294360935688019 0.5838136076927185
5 0.6676405072212219 0.48966753482818604 0.7014496922492981 0.5338122844696045
3 0.3272388279438019 0.5595044493675232 0.3606104254722595 0.5969942808151245
5 0.27241814136505127 0.47565940022468567 0.30669865012168884 0.5129209756851196
3 0.689562976360321 0.4552183151245117 0.7240551710128784 0.4926263689994812
3 0.2582634389400482 0.4517399072647095 0.29475635290145874 0.4897539019584656
2 0.6079235076904297 0.5473064184188843 0.6405136585235596 0.5854117274284363
